MAP = 0.31927984337509574
MRR = 0.22786265125961622