MAP = 0.43824626532508343
MRR = 0.6382847651955411