MAP = 0.40325585516975987
MRR = 0.4304027920208292