MAP = 0.38529835823616854
MRR = 0.2791227946429327