MAP = 0.33209238018707266
MRR = 0.2971094387255944