MAP = 0.35749666503458616
MRR = 0.3517760967042014