MAP = 0.41951347441557846
MRR = 0.4062020306504112