MAP = 0.13941285525974675
MRR = 0.041214452162728024